-----------------------------------------------------------------------------
   PRES   HGHT   TEMP   DWPT   RELH   MIXR   DRCT   SKNT   THTA   THTE   THTV
    hPa     m      C      C      %    g/kg    deg   knot     K      K      K 
-----------------------------------------------------------------------------
 1001.0    117   16.4   13.3     82   9.67    340      4  289.5  316.9  291.1
 1000.0    121   16.4   13.7     84   9.94     15      4  289.6  317.7  291.3
  997.0    147   15.8   14.3     91  10.38     19      4  289.2  318.5  291.0
  978.0    310   13.8   13.3     97   9.90     42      5  288.8  316.7  290.5
  967.0    406   12.8   12.8    100   9.69     56      5  288.7  316.0  290.4
  945.0    599   11.8   11.8    100   9.28     84      6  289.6  315.9  291.2
  932.0    716   11.2    9.2     87   7.89    101      7  290.1  312.7  291.5
  926.0    770   12.0    9.0     82   7.84    109      7  291.5  314.0  292.9
  925.0    779   12.0    9.2     83   7.95    110      7  291.6  314.4  293.0
  924.0    788   12.2    9.9     86   8.35    110      7  291.9  315.9  293.3
  921.0    815   12.0   10.2     89   8.55    110      7  291.9  316.5  293.4
  911.0    907   11.8    8.9     82   7.91    110      7  292.6  315.5  294.0
  908.0    935   11.6    9.1     85   8.05    110      7  292.7  316.0  294.1
  906.0    953   11.4    7.7     78   7.33    110      7  292.7  313.9  294.0
  905.0    962   11.4    7.7     78   7.33    110      7  292.8  314.1  294.1
  885.0   1149   10.0    7.4     84   7.35    110      6  293.2  314.6  294.5
  873.0   1262    9.2    6.1     81   6.81    110      6  293.5  313.4  294.7
  857.0   1415    8.0    5.6     85   6.70    110      6  293.8  313.4  295.0
  851.0   1473    7.8    4.5     80   6.24    110      6  294.2  312.5  295.3
  850.0   1483    7.6    4.4     80   6.20    110      6  294.1  312.3  295.2
  846.0   1522    7.4    4.7     83   6.37    110      6  294.3  313.0  295.4
  827.0   1709    6.2    2.2     76   5.45    112      6  294.9  311.1  295.9
  819.0   1788    5.4    2.6     82   5.67    112      6  294.9  311.7  295.9
  811.0   1869    4.8    1.6     80   5.33    113      6  295.1  310.9  296.0
  795.0   2031    4.0    1.2     82   5.28    114      6  295.9  311.7  296.9
  783.0   2155    3.2   -1.1     73   4.53    115      6  296.4  310.0  297.2
  768.0   2312    2.6   -1.0     77   4.65    124      7  297.4  311.4  298.2
  765.0   2343    2.6   -1.1     77   4.64    126      8  297.7  311.7  298.5
  743.0   2578    0.8   -2.4     80   4.35    140     10  298.2  311.4  299.0
  730.0   2720   -0.3   -3.1     81   4.19    140     14  298.5  311.3  299.3
  724.0   2786   -0.7   -3.9     79   3.98    140     17  298.8  310.9  299.5
  714.0   2897   -1.6   -3.6     86   4.11    140     20  299.0  311.6  299.7
  704.0   3010   -2.5   -3.4     94   4.25    136     19  299.2  312.2  300.0
  700.0   3055   -2.7   -3.8     92   4.14    135     18  299.5  312.1  300.2
  696.0   3101   -2.7   -5.4     82   3.69    132     18  299.9  311.4  300.6
  692.0   3146   -2.9   -5.0     85   3.83    129     18  300.2  312.0  300.9
  686.0   3215   -3.3   -6.0     82   3.58    125     18  300.5  311.6  301.2
  683.0   3250   -3.5   -6.5     80   3.46    125     18  300.7  311.4  301.3
  674.0   3355   -4.5   -6.8     84   3.42    127     17  300.7  311.4  301.3
  669.0   3413   -4.9   -7.5     82   3.27    127     17  300.9  311.1  301.5
  659.0   3532   -5.9   -7.1     91   3.42    129     16  301.1  311.7  301.7
  658.0   3544   -5.9   -7.1     91   3.43    129     16  301.2  311.9  301.8
  656.0   3568   -6.1   -8.4     84   3.11    129     15  301.2  311.0  301.8
  655.0   3580   -5.9  -10.9     68   2.55    130     15  301.6  309.7  302.1
  652.0   3616   -6.0  -12.0     63   2.35    130     15  301.9  309.4  302.3
  649.0   3652   -6.1  -13.1     58   2.16    128     15  302.2  309.1  302.6
  643.0   3724   -6.5  -10.7     72   2.64    125     16  302.5  310.9  303.0
  640.0   3761   -6.5  -11.5     68   2.49    123     16  302.9  310.9  303.4
  635.0   3822   -6.7  -13.7     57   2.10    120     16  303.4  310.1  303.8
  631.0   3872   -7.1  -14.1     57   2.05    118     16  303.5  310.1  303.8
  628.0   3909   -7.5  -11.6     72   2.52    116     16  303.4  311.5  303.9
  626.0   3934   -7.5  -12.0     70   2.45    115     16  303.7  311.5  304.1
  617.0   4046   -8.4  -11.9     76   2.50    110     17  303.9  311.9  304.4
  614.0   4084   -8.7  -11.9     78   2.51    110     17  304.0  312.1  304.5
  612.0   4109   -8.7  -12.4     75   2.43    110     17  304.3  312.1  304.7
  611.0   4122   -8.7  -12.6     73   2.39    112     17  304.4  312.1  304.9
  604.0   4211   -9.5  -13.0     76   2.34    125     17  304.5  312.0  304.9
  599.0   4276  -10.1  -13.3     77   2.30    126     18  304.5  311.9  305.0
  596.0   4314  -10.3  -14.1     74   2.17    127     19  304.7  311.8  305.1
  594.0   4340  -10.3  -16.3     61   1.81    127     19  305.0  311.0  305.4
  589.0   4405  -10.3  -23.3     34   1.00    129     20  305.8  309.2  305.9
  583.0   4484  -10.9  -21.6     41   1.17    130     21  306.0  309.9  306.2
  581.0   4511  -11.1  -21.1     44   1.23    129     21  306.0  310.2  306.3
  575.0   4590  -11.5  -23.5     36   1.01    126     21  306.5  309.9  306.7
  565.0   4725  -12.3  -25.0     34   0.90    120     20  307.1  310.2  307.2
  560.0   4793  -12.7  -25.7     33   0.85    121     20  307.4  310.3  307.5
  558.0   4820  -12.7  -27.7     27   0.71    122     20  307.7  310.2  307.8
  555.0   4861  -12.7  -26.7     30   0.78    122     21  308.2  310.9  308.3
  549.0   4944  -12.9  -30.9     21   0.53    124     21  308.9  310.8  309.0
  545.0   5000  -13.2  -32.8     18   0.45    125     21  309.1  310.8  309.2
  539.0   5084  -13.7  -35.7     14   0.34    123     22  309.6  310.8  309.6
  538.0   5098  -13.7  -35.7     14   0.34    122     22  309.7  311.0  309.8
  528.0   5240  -14.7  -35.7     15   0.35    119     23  310.2  311.5  310.2
  518.0   5385  -16.1  -30.1     29   0.61    115     24  310.2  312.4  310.3
  511.0   5487  -16.9  -29.9     31   0.63    119     24  310.4  312.7  310.6
  500.0   5650  -18.3  -36.3     19   0.35    125     25  310.7  311.9  310.7
  499.0   5665  -18.3  -36.3     19   0.35    126     25  310.8  312.1  310.9
  498.0   5680  -18.5  -32.5     28   0.50    126     25  310.8  312.6  310.9
  497.0   5695  -18.5  -25.5     54   0.97    127     25  311.0  314.3  311.1
  496.0   5710  -18.7  -23.6     65   1.16    127     25  310.9  314.9  311.1
  492.0   5770  -19.3  -22.8     74   1.25    129     25  310.9  315.2  311.1
  486.0   5861  -20.1  -23.2     76   1.22    133     26  311.0  315.2  311.2
  483.0   5907  -20.5  -24.3     72   1.11    134     26  311.0  314.9  311.2
  482.0   5923  -20.5  -26.4     59   0.92    135     26  311.2  314.4  311.4
  481.0   5938  -20.5  -28.5     49   0.76    135     26  311.4  314.1  311.6
  480.0   5953  -20.5  -29.5     44   0.70    135     26  311.6  314.1  311.7
  478.0   5984  -20.7  -28.7     49   0.75    134     27  311.7  314.4  311.9
  474.0   6046  -21.1  -31.1     40   0.61    133     27  312.0  314.1  312.1
  473.0   6062  -21.3  -29.3     49   0.72    133     27  311.9  314.5  312.1
  470.0   6109  -21.5  -28.5     53   0.78    133     28  312.2  315.0  312.4
  467.0   6156  -21.7  -29.7     48   0.70    132     28  312.6  315.1  312.7
  465.0   6188  -21.9  -33.9     33   0.47    132     29  312.7  314.4  312.8
  459.0   6283  -22.5  -32.5     40   0.55    131     30  313.1  315.1  313.2
  456.0   6331  -22.8  -33.5     37   0.50    130     30  313.3  315.1  313.4
  455.0   6347  -22.9  -33.9     36   0.48    131     30  313.4  315.1  313.5
  454.0   6364  -22.7  -37.7     24   0.33    132     30  313.8  315.1  313.9
  452.0   6396  -22.9  -34.9     33   0.44    134     30  314.0  315.6  314.1
  446.0   6494  -23.5  -34.3     36   0.47    140     29  314.4  316.2  314.5
  442.0   6560  -23.9  -33.9     39   0.50    140     29  314.7  316.6  314.8
  439.0   6609  -24.3  -35.3     35   0.43    140     29  314.8  316.4  314.9
  433.0   6709  -25.1  -35.1     39   0.45    140     30  315.1  316.7  315.1
  429.0   6777  -25.7  -33.7     47   0.52    140     30  315.1  317.0  315.2
  427.0   6811  -25.9  -34.9     43   0.46    140     30  315.3  317.0  315.4
  423.0   6879  -26.5  -35.5     42   0.44    140     30  315.4  317.1  315.5
  417.0   6982  -27.3  -36.3     42   0.41    131     30  315.6  317.2  315.7
  416.0   6999  -27.4  -36.1     44   0.42    130     30  315.7  317.3  315.8
  414.0   7034  -27.7  -35.7     46   0.44    128     31  315.8  317.4  315.9
  413.0   7051  -28.1  -33.1     62   0.57    128     31  315.5  317.6  315.6
  412.0   7069  -28.1  -32.9     63   0.59    127     31  315.7  317.8  315.8
  410.0   7103  -28.4  -33.0     64   0.58    125     32  315.8  317.9  315.9
  404.0   7209  -29.3  -33.5     67   0.56    131     33  315.9  318.0  316.0
  402.0   7244  -29.5  -35.5     56   0.46    133     34  316.1  317.8  316.2
  400.0   7280  -29.9  -35.9     56   0.45    135     34  316.1  317.7  316.1
  398.0   7316  -30.3  -38.3     46   0.35    135     35  316.0  317.3  316.1
  392.0   7423  -31.1  -35.9     63   0.46    135     37  316.3  318.0  316.4
  385.0   7550  -32.1  -35.5     72   0.49    135     39  316.6  318.4  316.7
  380.0   7642  -32.9  -37.6     63   0.40    138     40  316.8  318.2  316.8
  379.0   7660  -33.1  -37.4     65   0.41    139     40  316.7  318.2  316.8
  362.0   7980  -35.7  -41.7     54   0.27    149     43  317.4  318.5  317.5
  361.0   7999  -35.9  -41.9     54   0.27    150     43  317.4  318.4  317.5
  359.0   8037  -36.3  -42.3     54   0.26    150     44  317.4  318.4  317.4
  358.0   8057  -36.5  -43.5     48   0.23    150     44  317.4  318.2  317.4
  354.0   8134  -36.9  -43.9     48   0.22    150     46  317.9  318.7  317.9
  351.0   8193  -37.3  -42.3     60   0.26    150     47  318.1  319.1  318.1
  349.0   8232  -37.7  -43.4     55   0.24    150     48  318.1  319.0  318.1
  348.0   8252  -37.9  -43.9     53   0.22    150     48  318.1  318.9  318.1
  346.0   8291  -38.1  -44.1     53   0.22    150     48  318.3  319.2  318.4
  339.0   8431  -39.5  -46.5     47   0.17    149     49  318.3  318.9  318.3
  337.0   8471  -39.9  -46.9     47   0.17    149     49  318.3  318.9  318.3
  332.0   8573  -40.7  -48.7     42   0.14    148     49  318.5  319.1  318.6
  326.0   8696  -42.1  -48.1     52   0.15    148     49  318.3  318.9  318.3
  317.0   8884  -43.7  -49.7     51   0.13    147     50  318.6  319.1  318.6
  306.0   9119  -46.1  -51.0     57   0.12    146     51  318.5  318.9  318.5
  301.0   9228  -46.9  -53.9     45   0.08    145     51  318.8  319.2  318.9
  300.0   9250  -47.1  -54.1     45   0.08    145     51  318.9  319.2  318.9
  296.0   9339  -48.1  -54.1     50   0.08    148     52  318.7  319.0  318.7
  294.0   9383  -48.5  -54.5     50   0.08    149     53  318.7  319.0  318.7
  293.0   9406  -48.7  -54.3     52   0.08    150     53  318.8  319.1  318.8
  291.0   9451  -49.1  -53.9     57   0.09    151     53  318.8  319.1  318.8
  283.0   9633  -50.7  -54.6     63   0.08    154     54  319.1  319.4  319.1
  280.0   9703  -51.3  -56.2     56   0.07    155     54  319.2  319.4  319.2
  271.0   9914  -53.1  -55.9     71   0.07    159     55  319.5  319.8  319.6
  269.0   9962  -53.5  -56.3     71   0.07    160     55  319.6  319.9  319.6
  267.0  10010  -53.9  -56.7     71   0.07    159     54  319.7  320.0  319.8
  263.0  10107  -54.7  -56.2     83   0.07    158     52  319.9  320.2  320.0
  261.0  10156  -55.3  -57.7     74   0.06    157     51  319.8  320.0  319.8
  256.0  10279  -56.0  -57.3     85   0.06    155     48  320.6  320.8  320.6
  255.0  10304  -56.1  -57.2     87   0.07    153     47  320.7  321.0  320.7
  253.0  10354  -56.3  -57.9     82   0.06    150     46  321.1  321.4  321.1
  251.0  10405  -56.1  -60.0     61   0.05    147     44  322.2  322.4  322.2
  250.0  10430  -56.1  -60.4     58   0.04    145     43  322.5  322.7  322.5
  249.0  10456  -56.1  -60.8     56   0.04    145     42  322.9  323.1  322.9
  248.0  10481  -56.1  -61.1     53   0.04    142     43  323.3  323.4  323.3
  245.0  10559  -56.7  -60.1     65   0.05    133     44  323.5  323.7  323.5
  244.0  10585  -56.9  -60.4     64   0.05    130     45  323.6  323.8  323.6
  243.0  10611  -56.5  -62.5     47   0.04    130     47  324.6  324.7  324.6
  241.0  10664  -56.1  -64.1     36   0.03    133     50  325.9  326.1  325.9
  239.0  10717  -56.3  -65.3     31   0.02    137     54  326.4  326.5  326.4
  237.0  10771  -55.2  -68.2     18   0.02    140     57  328.8  328.9  328.8
  233.0  10880  -53.1  -74.1      6   0.01    152     50  333.6  333.7  333.6
  232.0  10908  -52.6  -75.6      5   0.01    155     48  334.9  334.9  334.9
  230.0  10964  -51.5  -78.5      3   0.00    153     44  337.3  337.3  337.3
  225.0  11107  -51.1  -77.1      3   0.00    149     33  340.1  340.1  340.1
  221.0  11225  -50.7  -77.3      3   0.00    145     24  342.4  342.4  342.4
  210.0  11560  -49.7  -78.0      2   0.00    145     32  349.0  349.0  349.0
  203.0  11782  -49.0  -78.5      2   0.00    155     25  353.5  353.5  353.5
  200.0  11880  -48.7  -78.7      2   0.00    140     19  355.5  355.5  355.5
  199.0  11913  -48.6  -78.7      2   0.00    135     18  356.2  356.2  356.2
  197.0  11980  -48.3  -78.7      2   0.00    125     19  357.6  357.6  357.6
  190.0  12219  -47.4  -78.8      2   0.00    140     26  362.8  362.8  362.8
  186.0  12359  -46.9  -78.9      1   0.00    149     23  365.9  365.9  365.9
  183.0  12467  -47.0  -79.0      1   0.00    155     21  367.4  367.4  367.4
  177.0  12687  -47.3  -79.3      1   0.00    130     18  370.5  370.5  370.5
  169.0  12992  -47.6  -79.6      1   0.00    160     16  374.8  374.8  374.8
  165.0  13150  -47.8  -79.8      1   0.00    145     11  377.1  377.1  377.1
  161.0  13313  -48.0  -80.0      1   0.00    155     10  379.4  379.5  379.4
  159.0  13395  -48.1  -80.1      1   0.00    145      7  380.6  380.7  380.6
  156.0  13521  -48.2  -80.2      1   0.00    135     10  382.5  382.5  382.5
  150.0  13780  -48.5  -80.5      1   0.00    145     13  386.3  386.3  386.3
  145.0  14002  -48.7  -80.6      1   0.00    140     15  389.7  389.7  389.7
  142.0  14138  -48.9  -80.7      1   0.00    155     10  391.8  391.8  391.8
  135.0  14469  -49.2  -80.9      1   0.00    145     10  396.9  396.9  396.9
  132.0  14615  -49.3  -81.0      1   0.00    170     10  399.2  399.2  399.2
  129.0  14766  -49.5  -81.1      1   0.00    145      5  401.6  401.6  401.6
  125.0  14972  -49.7  -81.2      1   0.00    115     10  404.8  404.9  404.8
  123.0  15077  -49.8  -81.3      1   0.00    115     12  406.5  406.5  406.5
  119.0  15293  -50.0  -81.4      1   0.00    145     17  410.0  410.0  410.0
  114.0  15574  -50.3  -81.6      1   0.00    160     15  414.5  414.6  414.5
  100.0  16430  -51.1  -82.1      1   0.00    140      9  428.7  428.7  428.7
   94.0  16831  -51.5  -82.3      1   0.00    115     11  435.6  435.6  435.6
   91.0  17041  -51.7  -82.4      1   0.00    115     12  439.2  439.3  439.2
   86.0  17407  -52.1  -82.6      1   0.01    135     16  445.7  445.7  445.7
   79.0  17957  -52.6  -82.8      1   0.01    145     14  455.5  455.5  455.5
   77.0  18123  -52.8  -82.9      1   0.01    160     12  458.5  458.5  458.5
   74.0  18381  -53.0  -83.1      1   0.01     85      5  463.2  463.2  463.2
   73.0  18469  -53.1  -83.1      1   0.01     98      6  464.8  464.9  464.8
   70.0  18740  -52.3  -83.3      1   0.01    140      8  472.1  472.2  472.1
   67.0  19023  -52.1  -83.1      1   0.01    145     10  478.5  478.6  478.5
   65.0  19218  -52.0  -83.0      1   0.01    100     10  483.0  483.1  483.0
   63.0  19420  -51.8  -82.8      1   0.01    125     10  487.7  487.7  487.7
   61.6  19565  -51.7  -82.7      1   0.01    111     15  491.0  491.1  491.0
   61.0  19628  -51.8  -82.8      1   0.01    105     17  492.3  492.3  492.3
   59.0  19843  -52.0  -83.0      1   0.01    130     15  496.5  496.6  496.5
   55.0  20295  -52.4  -83.4      1   0.01    135     10  505.6  505.7  505.6
   54.0  20413  -52.5  -83.5      1   0.01    115     11  508.0  508.1  508.0
   52.3  20620  -52.7  -83.7      1   0.01    111     15  512.2  512.3  512.2
   52.0  20657  -52.5  -83.6      1   0.01    110     16  513.6  513.7  513.6
   50.3  20871  -51.1  -83.1      1   0.01    127     16  521.7  521.8  521.7
   50.0  20910  -51.3  -83.3      1   0.01    130     16  522.1  522.2  522.1
   49.0  21042  -51.2  -83.2      1   0.01    135     14  525.4  525.5  525.4
   48.0  21176  -51.1  -83.1      1   0.01    115     11  528.8  528.9  528.8
   46.0  21453  -50.9  -82.8      1   0.01    130     22  535.8  535.9  535.8
   43.0  21892  -50.5  -82.5      1   0.01    150     16  547.1  547.2  547.1
   42.0  22046  -50.4  -82.3      1   0.01    125     12  551.1  551.2  551.1
   40.1  22347  -50.1  -82.1      1   0.01    106     22  559.1  559.2  559.1
   40.0  22363  -50.2  -82.2      1   0.01    105     23  559.3  559.4  559.3
   38.5  22612  -51.3  -83.3      1   0.01    105     21  562.6  562.7  562.6
   38.0  22698  -50.9  -83.1      1   0.01    105     20  565.9  566.0  565.9
   37.0  22872  -50.0  -82.6      1   0.01     85     17  572.5  572.6  572.5
   36.3  22996  -49.3  -82.3      1   0.01     94     19  577.3  577.4  577.3
   35.0  23235  -49.8  -82.0      1   0.01    110     23  582.1  582.2  582.1
   34.7  23291  -49.9  -81.9      1   0.01    110     22  583.2  583.4  583.2
   34.0  23425  -48.8  -81.9      1   0.01    110     19  589.4  589.6  589.5
   33.4  23542  -47.9  -81.9      1   0.01    137     18  594.9  595.0  594.9
   33.0  23622  -47.9  -81.9      1   0.01    155     18  596.9  597.0  596.9
   30.0  24250  -48.1  -82.1      1   0.02    110     13  612.9  613.0  612.9
   29.2  24428  -47.3  -81.3      1   0.02     98     11  619.8  620.0  619.9
   29.0  24473  -47.4  -81.3      1   0.02     95     10  620.8  621.0  620.8
   28.0  24704  -47.8  -81.4      1   0.02    115      3  625.9  626.1  625.9
   27.0  24944  -48.3  -81.5      1   0.02     70     10  631.1  631.3  631.2
   26.5  25067  -48.5  -81.5      1   0.02     75     16  633.9  634.1  633.9
   26.0  25193  -48.2  -81.4      1   0.02     80     22  638.1  638.3  638.1
   25.0  25452  -47.7  -81.2      1   0.02    105     19  646.9  647.1  646.9
   24.0  25722  -47.1  -80.9      1   0.02     95      6  656.1  656.4  656.1
   22.0  26298  -45.9  -80.4      1   0.03     80     22  676.3  676.6  676.3
   20.8  26669  -45.1  -80.1      1   0.03     86     20  689.6  689.9  689.6
   20.0  26930  -45.5  -80.5      1   0.03     90     18  696.1  696.5  696.1
   19.0  27271  -45.9  -80.8      1   0.03     85     26  705.3  705.6  705.3
   18.0  27631  -46.2  -81.2      1   0.03    100     39  715.1  715.5  715.1
   17.8  27705  -46.3  -81.3      1   0.03    101     37  717.2  717.5  717.2
   17.0  28013  -45.1  -80.5      1   0.04    105     30  730.6  731.0  730.6
   16.0  28418  -43.4  -79.3      1   0.05    110     33  748.7  749.2  748.7
   15.8  28502  -43.1  -79.1      1   0.05   -999   -999  752.5  753.0  752.5
